Attaching...
Instrumenting...
aes_v8_set_encrypt_key: Loaded handler at "/home/hyun/vowifi-core-network/util/__handlers__/libcrypto.so/aes_v8_set_encrypt_key.js"
HMAC_Init_ex: Loaded handler at "/home/hyun/vowifi-core-network/util/__handlers__/libcrypto.so/HMAC_Init_ex.js"
Started tracing 2 functions. Press Ctrl+C to stop.
2:64:104,181,20,89,82,10,26,41,247,53,79,39,151,77,252,223,230,233,237,44,82,37,86,73,253,128,242,234,23,86,53,254
2:20:55,131,95,203,255,103,189,129,175,67,116,237,113,99,167,219,168,249,33,165,116,0,0,0,2,0,0,0,2,0,0,0
2:20:6,187,99,198,12,131,2,11,112,205,69,29,137,162,134,3,192,40,47,90,0,0,0,0,0,0,0,0,0,0,0,0
2:20:183,199,213,230,50,181,197,243,88,157,76,165,144,38,32,5,42,43,230,12,0,0,0,0,0,0,0,0,0,0,0,0
1:32:236,165,51,178,27,107,147,55,102,226,162,233,198,177,21,7,104,127,144,122,209,201,135,86,253,36,86,62,174,207,145,111
1:32:14,186,219,70,17,94,121,168,50,183,158,92,132,238,133,107,183,19,123,169,68,20,187,156,116,3,200,221,226,75,4,130
2:16:165,185,65,152,251,137,87,234,200,217,203,33,66,211,222,111,146,222,178,12,244,177,156,88,78,189,202,42,67,123,220,176
1:32:236,165,51,178,27,107,147,55,102,226,162,233,198,177,21,7,104,127,144,122,209,201,135,86,253,36,86,62,174,207,145,111
1:32:14,186,219,70,17,94,121,168,50,183,158,92,132,238,133,107,183,19,123,169,68,20,187,156,116,3,200,221,226,75,4,130
2:20:154,48,72,73,92,244,218,168,69,46,228,69,238,189,83,136,11,42,110,160,0,0,0,0,0,0,0,0,0,0,0,0
2:64:146,222,178,12,244,177,156,88,78,189,202,42,67,123,220,176,229,77,155,20,203,51,140,163,104,218,249,107,115,217,70,233
2:20:223,252,222,37,66,194,113,143,61,26,120,101,117,219,105,245,75,244,22,246,116,0,0,0,96,153,34,12,116,0,0,0
1:32:236,165,51,178,27,107,147,55,102,226,162,233,198,177,21,7,104,127,144,122,209,201,135,86,253,36,86,62,174,207,145,111
1:32:14,186,219,70,17,94,121,168,50,183,158,92,132,238,133,107,183,19,123,169,68,20,187,156,116,3,200,221,226,75,4,130
2:20:50,72,16,34,153,140,104,207,117,154,126,179,25,20,205,69,212,65,243,207,0,0,0,0,0,0,0,0,0,0,0,0
2:64:146,222,178,12,244,177,156,88,78,189,202,42,67,123,220,176,229,77,155,20,203,51,140,163,104,218,249,107,115,217,70,233
2:20:223,252,222,37,66,194,113,143,61,26,120,101,117,219,105,245,75,244,22,246,0,0,0,0,0,0,0,0,0,0,0,0
2:20:161,202,184,128,97,166,4,44,211,219,171,7,182,64,234,231,186,241,227,154,116,0,0,0,2,0,0,0,2,0,0,0
2:20:231,107,41,100,3,29,162,232,247,202,86,11,239,137,55,68,255,172,207,179,0,0,0,0,0,0,0,0,0,0,0,0
2:20:167,57,97,61,119,241,252,183,26,230,222,169,238,32,88,192,254,80,136,254,0,0,0,0,3,0,0,0,0,0,0,0
1:32:224,133,190,232,80,96,248,28,117,69,145,100,165,255,68,44,17,116,185,81,66,207,121,219,140,102,157,129,89,218,140,147
1:32:224,133,190,232,80,96,248,28,117,69,145,100,165,255,68,44,17,116,185,81,66,207,121,219,140,102,157,129,89,218,140,147
1:32:224,133,190,232,80,96,248,28,117,69,145,100,165,255,68,44,17,116,185,81,66,207,121,219,140,102,157,129,89,218,140,147
1:32:236,165,51,178,27,107,147,55,102,226,162,233,198,177,21,7,104,127,144,122,209,201,135,86,253,36,86,62,174,207,145,111
1:32:14,186,219,70,17,94,121,168,50,183,158,92,132,238,133,107,183,19,123,169,68,20,187,156,116,3,200,221,226,75,4,130
